3975.68972082809 41.0008614882827 0
87.7794001251459 -1852.88682347164 59.3076644698158
28.5570815671235 -8134.22890845686 28.1953970668837
14.5435864571482 -6070.64054114744 9.57124289125204
40.6970030860975 -826.33733516559 58.9168531121686
62.8881820244715 -167.891036253422 69.6951099671423
17.219674307853 -4817.54402630031 28.5617165500298
23.6360023729503 -375.786719378084 34.1403445228934
39.9391036247835 -3224.86625052989 55.0711127230898
7.43805365636945 -1928.84461255744 17.9321327712387
38.8568970141932 -1647.82817009836 38.0415439372882
49.1321268258616 -2937.78923572972 13.8389313826337
69.0141327446327 -2139.32229438797 61.0025032423437
85.9570426400751 -2491.94013653323 88.6173575650901
50.8994178613648 -9679.99330721796 4.85118003562093
75.9146639145911 -1566.2266779691 43.0542876245454
83.1442726077512 -1712.90634432808 1.05124800466001
58.90742035117 -970.024501439184 93.3455251390114
73.7247195327654 -6452.36812764779 36.044090334326
69.7442238219082 -4802.03476734459 30.0874056993052
95.8441429538652 -2126.1313254945 34.0067739831284
47.6057978579774 -2711.98916947469 29.0068613830954
42.6759542897344 -5944.81380889192 91.1234960192814
40.1458527194336 -9090.71863396093 78.4797483123839
23.180318553932 -3274.68139119446 24.502466339618
22.9328407207504 -7964.27266905084 92.2747324453667
22.8599266381934 -7786.36476024985 69.5236552506685
5.48436399549246 -6875.8760066703 21.6907388297841
23.8967918790877 -894.726428668946 48.6296403221786
48.1634932570159 -3732.41804540157 26.1063669575378
61.2699829507619 -8218.02047081292 84.4261314719915
13.2213806267828 -7718.63013273105 53.3030186314136
75.8501004893333 -3091.88368730247 57.4923973763362
27.1105971885845 -8152.9812887311 93.0122297257185
47.1215712605044 -4808.52226959541 17.7462536841631
19.1375565947965 -3444.07235970721 37.004985078238
94.6980630746111 -9058.44589928165 47.7191135520115
80.4101946530864 -3205.37163643166 69.2640472901985
24.0130580030382 -4232.20554832369 37.3042390448973
72.4951493553817 -7774.95217975229 58.4563646931201
26.69911342673 -8993.10177890584 17.1788850566372
41.6767178103328 -7678.0112227425 6.50863095652312
36.3441730849445 -8047.00823966414 29.4324976857752
47.7425486315042 -6936.66091421619 58.7490473408252
44.2368095275015 -5658.79187081009 42.1656349441037
91.9826398836449 -6250.45685330406 84.5751007320359
48.363597644493 -9938.41036222875 46.5012595755979
52.0801926963031 -4837.50382903963 30.1054516108707
49.8362701619044 -5972.43870608509 44.8883988894522
27.1131670335308 -2258.58096498996 86.2212814390659
91.0798234166577 -1926.57367791981 63.4617271833122
38.3797575253993 -5437.09501856938 19.6043765405193
4.58143763244152 -63.2090703584254 84.5841013360769
86.1571681452915 -3317.58517539129 83.5961671778932
15.1378335664049 -9550.7126301527 16.7222190648317
35.0969286635518 -5203.72447790578 49.6352512622252
26.4023219002411 -4508.71632900089 48.3265467919409
42.3937271814793 -2234.47094205767 50.2559847431257
17.0523850945756 -3358.60948311165 86.6798393661156
27.8253386961296 -331.463390029967 71.1490412242711
85.1334405364469 -928.165507502854 69.7806089418009
98.4291818924248 -4111.44067533314 46.3627220597118
35.5678808875382 -5606.99639376253 64.8675202857703
80.2900303155184 -1891.90732548013 80.5497573222965
24.0210114279762 -5584.96690122411 90.9336345968768
60.3151018731296 -4148.92804343253 11.0127277905121
84.3522511888295 -4876.23782129958 25.1889289589599
7.09032220765948 -7318.78064572811 42.2038035467267
37.5474854372442 -9229.06880034134 45.3599724685773
68.3556934352964 -1879.52805543318 13.7336297892034
12.6308040227741 -2942.7117924206 18.1231999304146
8.56062732636929 -7753.58214275911 94.9676488758996
36.3489351933822 -5963.17094750702 13.3059133309871
65.3181216213852 -5362.64154361561 61.1805313266814
37.6799787860364 -5757.15382350609 56.9106715964153
43.5887094121426 -1106.04484565556 5.79167741816491
99.3390931049362 -4207.18470821157 55.9691992588341
77.4039637995884 -4060.82049477845 4.26390101201832
18.0300073698163 -1720.98601702601 42.1463185921311
5.0226362189278 -7169.24959095195 22.3665038356557
95.0366846984252 -6874.83011977747 36.1593060195446
94.3569596624002 -7146.81857265532 44.6908917976543
40.3173616155982 -8250.15103444457 22.1288836793974
77.9760942561552 -9915.80461384729 72.4331120029092
52.4245637003332 -8893.49807985127 16.64682503324
71.888316469267 -6862.45944350958 93.5407536337152
23.1461466522887 -1031.42470354214 55.8069702703506
96.4243846479803 -4926.45100224763 27.3890769574791
10.3009620914236 -4116.47437606007 91.084921755828
53.9316024165601 -1438.89250699431 44.984565093182
26.8281972967088 -4134.48569132015 70.1697971438989
63.4710528887808 -7651.21936565265 92.2330630943179
31.450614403002 -6946.71927252784 44.4309177808464
89.5300856558606 -4977.96182287857 71.3612464722246
40.1567851891741 -7966.29037242383 62.3564011417329
82.4167673708871 -6902.18856558204 6.87980824150145
26.5781908296049 -4069.86082205549 70.7665491383523
78.4389291191474 -4382.2447443381 59.1758341761306
15.8664921764284 -4257.70719069988 7.39881871268153
21.7893237713724 -8848.96970586851 55.6117559317499
21.820779168047 -7527.08134707063 6.71552766580135
72.9946601903066 -1915.5739643611 35.6587899848819
69.7797403903678 -5610.58976687491 25.8215613896027
75.0680310185999 -7649.81334097683 19.0560754621401
3.02476417273283 -9903.68080325425 48.0663845548406
57.1043246192858 -3323.66242539138 27.4311547167599
73.4139306237921 -9161.01127164438 57.0190595230088
54.4128498528153 -4568.40344471857 36.3603217992932
11.2246861448511 -3283.93127303571 56.5793316112831
29.9413317115977 -6378.45188146457 92.5506591098383
42.769712372683 -6517.46877003461 25.6120477803051
60.4582791915163 -6865.22607691586 81.8515015766025
67.7941682515666 -1706.59674797207 69.3361304933205
78.2145646167919 -9084.40086292103 34.119617077522
86.6187421604991 -3514.16014367715 65.3668802697212
20.883960579522 -856.821350753307 97.42723016534
84.6736264182255 -3186.16726435721 88.8394359266385
70.1682732673362 -6118.62759804353 45.1565628638491
36.7238598177209 -6631.99397502467 14.7578678792343
94.4905100157484 -2902.28463476524 12.1018823236227
16.7004186660051 -5352.86235390231 17.3387542366982
92.9371828678995 -7260.52538957447 42.6710285712034
40.0535266613588 -160.855171270669 42.4967475235462
60.6817308813334 -7518.66773935035 36.8333439575508
26.5884634805843 -1382.46378395706 10.4851021198556
44.6813999675214 -7587.09783200175 94.861318427138
0.920979049988091 -7731.34691640735 63.1358333164826
39.9818073492497 -1032.25944563746 26.6016240464523
39.7619850700721 -1791.03383794427 60.3396257618442
19.2216562572867 -4777.20069233328 59.0483070118353
75.5800310755149 -9875.47865370288 56.6073553171009
76.0287047363818 -1860.26450246572 55.8218635851517
68.7287734821439 -3698.10142088681 75.6288714706898
62.0918341679499 -2943.18867847323 55.7037575170398
46.0327399428934 -4535.0460964255 88.1320372456685
90.5159211484715 -2128.12029756606 68.1915157241747
58.8166534900665 -5646.1210665293 22.8104749694467
22.0669226488099 -5627.94172437862 71.363068651408
51.3090318301693 -9976.53641970828 48.3400167198852
19.2092723911628 -1892.16967439279 35.4391928063706
13.7277606409043 -393.709857016802 49.3502393364906
94.0324229188263 -2093.21212489158 99.6043453924358
20.9017066750675 -5451.75368199125 34.4176988117397
46.1995207704604 -5687.33978318051 1.04295799974352
48.3927503693849 -7569.92416223511 91.2106310483068
23.6956651555374 -3713.80006428808 65.5519154155627
38.8346265302971 -3790.888634976 86.7772373370826
9.44978226907551 -3527.86709787324 82.2537824744359
6.92806101869792 -4240.08397618309 6.81629821192473
35.8621017076075 -2904.16546631604 60.4272407479584
90.1253924937919 -7050.69361953065 42.1143512940034
92.7429008297622 -4129.97428327799 92.2389541519806
0.214442214928567 -2492.28263739496 43.2633176911622
24.9766931636259 -4844.7038163431 20.1417522504926
17.1412157127634 -2330.32162534073 56.7218252224848
56.3063510227948 -3932.72986402735 90.2428243774921
19.9938586447388 -9124.8440509662 29.1261612204835
23.8142624963075 -7278.92016526312 11.6586814634502
5.67927388474345 -1525.55190259591 23.2326774857938
4.96155815199018 -8658.64465944469 51.494682347402
76.3054728973657 -4467.82285813242 30.2035018568859
17.7209665998816 -9604.21076742932 24.5662127155811
44.0338612534106 -6933.75383503735 18.7942337943241
74.6889466186985 -8384.82016697526 22.6186806336045
49.000705499202 -2120.86411658674 83.7904937099665
57.0948159787804 -6795.60821503401 43.9542915672064
15.562391304411 -3361.62133142352 70.9198423894122
2.49946077819914 -1490.91130588204 57.5446946080774
7.96915935352445 -9800.09282939136 93.4237285749987
59.5644553424791 -2408.03261520341 45.9972354816273
29.2588385986164 -2056.79843900725 47.7633834816515
50.6337146740407 -4634.27106617019 53.8850080687553
97.0534356078133 -242.053647525609 24.2068528430536
27.3816873319447 -6484.9737030454 86.4633948775008
7.21763435285538 -7018.32291204482 7.5081096496433
23.9513683831319 -1100.57860612869 28.7494679912925
35.1131784263998 -2772.28055289015 87.1522525558248
32.9068283317611 -9029.89351190627 62.1111839078367
28.7491830764338 -9561.80640030652 1.59321238752455
2.66251058783382 -1495.83697319031 51.169880060479
70.6352579640225 -2265.31892782077 28.4124613972381
52.6754712453112 -659.496644511819 4.63196903001517
8.64839411806315 -5641.87148818746 95.7359393360093
79.6676132129505 -5678.72797138989 47.4345502909273
24.6892559109256 -7613.6418338865 69.5989901432768
80.1151665393263 -9607.34413703904 1.65375384967774
66.2917971611023 -4574.03489854187 14.8444422753528
77.3786754580215 -1129.8159416765 72.3989939084277
19.6044845273718 -5500.59018423781 44.4597290595993
24.9883469892666 -9793.91818866134 90.6755229923874
20.3793198103085 -9760.54937113076 68.1452398421243
59.9177363328636 -6085.88800998405 21.2516662431881
60.1873331004754 -3318.46469314769 57.1164578665048
93.456701352261 -5565.69052161649 11.5208393195644
33.2787089282647 -5511.27447048202 8.75098726246506
56.2530648428947 -4986.63083417341 0.498281558975577
11.9890206260607 -6270.25269204751 82.5563981197774
18.8945998670533 -2905.14942957088 86.8153963703662
46.4858274674043 -2088.21413805708 95.6603511702269
22.2285746131092 -8786.41943447292 14.6231550490484